1 1553203
1 1553339
2 1036758
2 1036797
2 1036939
3 851834
3 851867
3 851874
3 851877
4 1026005
4 1026007
4 1026162
5 954949
5 955022
6 1071480
6 1071599
6 1071741
7 754620
7 754627
7 754741
8 946241
8 946304
8 946339
9 846119
9 846134
9 846350
10 993680
10 993703
10 993755
11 1084495
11 1084524
11 1084537
11 1084586
12 1035615
12 1035749
13 19002729
13 19002850
14 20331717
14 20332084
15 22908971
15 22909108
16 841432
16 841497
16 841534
17 1034278
17 1034294
17 1034342
18 1019186
18 1019191
19 941603
19 941713
19 941731
20 954790
20 954794
20 954989
20 955001
21 13380326
